234451
232179
215406
115655
194861
218999
219345
201588
214336
115710
202483
199929
194982
90345
113162
249814
249819
194881
128979
236704
197731
111597
109493
165556
236543
232567
236942
218999
170091
207504
192801
180925
236556
171805
162129
132385
199256
203845
200279
181092
214371
162094
160761
196315
234449
220938
166005
115710
236979
177360
214685
237124
232179
232227
195148
237421
166005
194856
233413
236704
231992
236979
200279
236543
199929
195062
162241
219931
232259
236644
212498
232544
236841
167967
166079
160945
235324
113162
232375
232019
235365
156326
236644
178769
194982
232567
235709
235972
164678
240573
171574
233413
232259
166005
165799
177576
215334
172277
232779
189710
242315
236644
236421
165562
174177
212498
232761
232788
232786
162177
86292
201484
173660
200562
200002
232110
189523
113003
195356
195015
111581
191970
111595
166144
232425
155927
225636
235992
232110
170334
235972
189996
232020
173684
173122
177576
218999
196273
173660
201588
239387
237034
236983
201303
196335
236060
112918
155927
232266
155833
221634
239778
196273
189605
236644
233270
237126
222736
155927
189626
69892
236983
197700
202938
195180
189523
165799
231319
172189
172198
130175
232786
165958
161778
189955
218192
155927
199936
162119
212457
219931
232544
167967
214371
162207
173558
238470
231319
232409
109420
156043
189822
161515
237573
239778
162317
238470
163383
229274
111595
111581
162224
109493
166144
189778
237014
236886
236868
245940
199905
189822
232102
232279
211644
194679
194920
164868
173990
235524
212581
173080
231992
237441
172207
173684
141477
172215
172198
135704
242453
161856
236589
172324
174157
174067
230675
235338
194869
195007
189459
232180
236623
215633
217324
156049
200870
181092
236617
189970
130140
194923
173938
236700
200601
236884
186070
221240
194842
141477
219345
236494
171868
162317
236581
231231
199905
195298
199987
190205
190101
219345
237063
111597
209977
236548
236960
232298
220133
179192
183067
115512
230902
166089
189679
236904
236711
237432
226615
236623
239130
191994
215638
215662
220888
232409
116307
232494
199995
215341
229012
165972
156039
194842
239796
178595
215458
185448
161778
195077
166089
189679
200011
200272
249788
115322
232494
232669
196651
192749
191994
232112
236494
232409
172202
109420
219349
235500
190904
189468
231990
155939
215544
215538
239778
199936
231553
228001
234461
200533
138348
170037
189468
230668
231231
199905
200262
237165
112992
155731
189657
197683
197841
188455
232112
200048
189808
113003
155932
196050
229958
212497
162129
233629
162130
168005
166046
111552
199895
195073
111485
196273
190096
199879
201588
189468
230668
231231
199905
200262
237165
112992
155731
189657
197683
197841
188455
232112
200048
189808
231990
155939
215544
215538
239778
199936
231553
228001
234461
200533
138348
170037
232409
172202
109420
219349
235500
190904
249788
115322
232494
232669
196651
192749
191994
236494
215638
215662
220888
116307
199995
215341
229012
165972
156039
194842
239796
178595
215458
185448
161778
195077
166089
189679
200011
200272
179192
183067
115512
230902
236904
236711
237432
226615
236623
239130
195298
199987
190205
190101
219345
237063
111597
209977
236548
236960
232298
220133
215633
217324
156049
200870
181092
236617
189970
130140
194923
173938
236700
200601
236884
186070
221240
141477
171868
162317
236581
172207
173684
172215
172198
135704
242453
161856
236589
172324
174157
174067
230675
235338
194869
195007
189459
232180
245940
189822
232102
232279
211644
194679
194920
164868
173990
235524
212581
173080
231992
237441
231319
156043
161515
237573
238470
163383
229274
111595
111581
162224
109493
166144
189778
237014
236886
236868
172189
130175
232786
165958
189955
218192
155927
162119
212457
219931
232544
167967
214371
162207
173558
237126
222736
189626
69892
236983
197700
202938
195180
189523
165799
112918
232266
155833
221634
189605
236644
233270
232020
173122
177576
218999
173660
239387
237034
201303
196335
236060
225636
235992
232110
170334
235972
189996
195356
195015
191970
232425
172277
232779
189710
242315
236421
165562
174177
212498
232761
232788
162177
86292
201484
200562
200002
235709
164678
240573
171574
233413
232259
166005
215334
235365
156326
178769
194982
232567
162241
236841
166079
160945
235324
113162
232375
232019
177360
214685
237124
232179
232227
195148
237421
194856
236704
236979
200279
236543
199929
195062
234449
220938
115710
170091
207504
192801
180925
236556
171805
132385
199256
203845
162094
160761
196315
249814
249819
194881
128979
197731
165556
236942
202483
90345
229853
233836
234451
215406
115655
194861
214336
158450
173282
153683
229907
242345
187154
129112
233319
133467
232005
190161
184918
196204
189446
162128
161792
193010
192772
108825
189899
195096
211308
189967
221024
172360
172351
202333
231270
155821
231068
146253
200140
199190
212583
190870
195557
189837
194956
200336
133468
190224
238271
189406
235265
189490
189739
155928
231039
244122
242544
234514
158224
200043
173095
211016
130396
239597
237050
199925
230518
247761
177647
166162
230924
232826
229978
236717
115099
194894
165517
239626
94104
190166
190208
111850
190044
237227
240249
158240
164849
155935
178839
200031
235315
239228
230540
115401
197245
247729
234475
249775
226617
156240
197303
209910
200369
230883
230847
162704
195032
166555
200465
166081
235822
115328
115323
199963
232276
189583
237178
189639
189495
199880
99122
90496
189420
94196
115597
236576
232153
165669
94131
229371
196140
186590
249748
165515
165729
230828
189973
242427
197690
211005
189762
233287
201939
189769
233457
172456
171869
234974
162061
200296
199938
230806
190162
240544
169862
236620
236882
190100
199884
237044
173148
171875
189413
199144
238694
220087
210094
214978
162265
109737
200085
199898
220158
189488
198829
195352
186243
183051
231397
189592
233610
173136
189385
173523
215511
189403
235965
235483
189654
180402
244147
213966
88109
98797
239693
178791
189588
190930
190962
235167
199968
189593
232269
232714
224700
109760
189717
170071
232217
155924
189570
174111
235322
218937
229033
195163
190089
244088
203639
194698
214686
171818
172221
242310
213268
236229
232293
212025
165599
232058
177619
165997
165782
163518
161812
231038
170385
238688
191257
232590
194847
232638
177363
219340
219567
236233
190674
236550
179248
189567
166048
189671
232617
112901
172203
154808
174169
218956
236504
236809
162349
166259
249761
241699
249809
230911
172791
229290
242356
194906
145703
199909
162018
219899
189637
190069
194809
233505
200023
197412
174153
165695
238645
236643
189913
212495
219325
173515
232505
219945
236003
235385
228920
130419
231141
162208
165956
183888
173129
212517
237155
236681
229194
115725
229407
229173
236689
240145
232191
159414
169974
232825
200061
232207
235762
237030
229190
170117
79661
232450
117341
186058
162183
237531
224823
230913
189504
189590
236563
200221
215685
231069
169990
170151
170018
232230
224842
232451
239680
204199
173049
165829
238174
199882
234501
179968
189444
237301
126404
143525
143524
107858
143471
143091
143543
143090
102992
142890
92786
97091
95167
89589
232061
71281
196664
170282
165382
162231
231064
239492
200205
219637
240534
235336
200209
200057
154822
200555
171931
189795
154838
233602
99266
249801
235740
162107
135590
156186
192526
239932
239391
221202
113205
207473
235986
236573
236585
190062
198172
232655
173053
191048
212579
212570
177729
235660
197518
172191
239125
236974
200113
194824
234490
168096
162081
171880
235288
237289
174085
98834
204370
199942
219895
195202
58649
150993
173827
197406
197454
189622
219378
239380
208290
225161
233470
201959
229442
170104
162102
154837
197445
192807
236519
195157
115551
194885
115707
169976
165573
197497
190855
170036
190884
128550
236612
196120
191486
196114
147004
232715
240195
229789
178632
203834
194976
237243
237248
191445
238223
167973
98864
200097
220895
224774
238505
196199
194766
200053
229725
173521
130197
190218
240290
174089
197528
221627
249808
189870
241663
237000
206730
211179
173135
210122
192976
224709
173973
181366
224703
229388
210131
230068
171858
153711
230063
205827
235716
239122
230645
230869
229015
199857
235977
200614
232513
229927
219352
233569
135560
241031
191311
196620
173176
165701
224748
171853
181084
94502
224708
239022
171806
154498
145715
138969
97472
232292
197413
235362
189738
155903
240460
189472
94068
235933
149799
153053
190786
236592
178830
239131
239245
138374
226955
229856
203920
203842
230875
218749
200104
196133
231037
207782
230692
162690
170123
224766
189511
158445
222437
163336
238954
188413
192742
145632
192630
229176
212572
196638
193153
178390
196625
192329
236379
225112
156027
133444
180897
180945
224763
230064
231231
189671
220895
183067
155932
115421
113003
195145
195159
173223
195067
232704
166110
200067
195002
237316
232324
232483
200122
215839
249763
232569
232364
237072
130383
189739
190115
197412
236603
181620
199144
111583
166212
167983
109557
189905
141477
200147
189536
200159
168098
236726
189651
232687
232100
200029
173129
130486
143247
190101
229927
233677
212497
173521
135560
236229
201588
237125
199883
161668
194796
232812
166097
199833
237091
112992
190101
230830
158224
178833
206730
199144
200047
232019
236550
237034
200272
239679
232569
229927
237260
233319
190100
234461
158224
189406
189567
232699
111526
199998
189671
165799
237034
237049
231293
213919
203842
173135
232259
230911
201987
231270
196050
229923
212497
172325
212559
191257
199120
219345
162231
155924
195148
236229
201588
231762
219563
195096
161778
193135
195213
155967
237849
161778
189570
162231
162130
236670
236736
215698
152693
162231
162130
162317
144481
242642
161816
229911
230911
230875
144601
232687
231293
233415
232657
200272
230525
230527
133611
203842
191064
200870
230875
144601
233610
235483
197670
144481
215698
200031
235362
177729
232544
232056
235322
196133
200528
200343
162317
196468
235822
236670
194856
165514
242445
162186
231037
242310
231270
215839
58649
237432
162213
232544
232206
199928
232654
148573
239679
232687
236736
237573
194984
195172
159732
195275
113211
194986
231231
215839
231270
194817
235422
238874
228393
211730
235822
236607
200268
189422
108578
172360
214050
172365
172325
233569
212581
174153
242345
173660
235481
233457
235500
203134
239717
235241
195213
190100
94131
130509
136154
236607
235153
231069
237573
204070
239679
194913
99002
234974
232795
165559
165516
189748
214864
197726
216908
189636
237063
173841
156043
162238
211730
236506
231141
162094
171875
171805
190100
199880
229916
237049
232341
161878
235265
190143
212025
161515
239717
237573
99002
221069
236838
237240
235338
160674
238686
214055
236585
235362
177363
232259
249769
249788
135590
200045
236984
236771
236798
236802
236807
161875
161689
135704
236809
172360
216032
232747
238271
194667
195091
232535
172456
171869
172207
169990
171931
232056
230640
189795
232259
130455
233610
172360
233569
99002
194856
135560
235336
235324
210131
189652
235328
224014
186546
239539
116816
228920
212025
235153
155906
232151
236882
155480
236556
108825
206730
58649
215957
166063
232747
155330
230911
229386
228920
232409
231037
177576
161954
235709
195164
232217
191257
236556
232545
153683
152570
155298
234475
173827
194727
194886
195140
195062
204307
189444
115323
195002
239403
238829
146913
238829
172959
163518
244088
232409
195211
190244
183888
190109
235972
109760
193143
231270
215839
194691
183884
178769
199963
231892
165556
236726
195092
172791
212497
186783
192742
239919
214349
183888
235153
189794
107956
239130
178769
165284
221823
236983
220839
203800
232056
232724
236726
228097
162714
249829
249696
231716
236433
195140
115551
177576
164868
165556
109760
236983
171875
173282
170091
170080
232104
195278
69892
195140
191628
194943
230872
230875
232110
233487
230479
191791
109493
239919
235323
199945
230655
189996
239699
62476
99076
190069
142156
199928
237522
140318
145341
143730
141855
145488
145497
136732
129327
140484
139506
139509
139318
139337
87334
87439
83474
84271
133321
137614
132733
145221
145643
145648
226773
80830
142059
145721
145720
82161
144196
144200
144690
141838
230206
104502
151933
162119
162094
239699
229388
235926
212581
165571
189970
236471
230875
229911
236617
202015
201987
40428
235972
232545
211519
232207
189459
140982
140848
140809
111126
90920
152570
106747
189623
197412
195140
200276
234922
235365
219349
219340
239802
239919
232207
232759
214757
173523
199909
249794
234922
236689
232454
113032
115601
194902
162224
237849
218192
218688
163398
170080
135704
236734
156039
202483
237121
195140
190884
155840
172360
115601
198489
212498
162037
171574
218688
189639
219567
209845
199909
195777
235362
232474
229907
189653
237219
165667
229954
232341
155826
154930
216141
235323
156329
235288
109737
230766
197412
197518
237045
148636
215839
165997
236689
115613
94812
229907
235972
131326
229274
229386
170315
198586
194817
233374
231270
225112
109737
189512
220759
178632
239547
170080
195213
165690
232277
236644
233319
174051
231270
159414
194817
236984
215839
235362
239246
190967
178791
195268
237573
194567
236576
173129
173136
189599
239547
165689
162224
162154
199909
189459
192435
195204
162346
162081
232110
194856
232019
232747
189512
162231
162130
171574
232721
115601
189356
170388
190101
111552
218192
